49
50
16
81
100
9
16
100
100
20
36
100
64
81
144
81
81
9
67
-2
36
81
22
144
98
36
16
64
25
4
4
16
99
64
65
2
12
64
49
64
103
4
25
48
12
76
98
16
11
112
9
4
-4
9
64
32
41
45
100
49
4
21
16
4
36
-18
125
144
16
97
8
9
4
16
40
4
64
63
10
16
81
58
81
63
33
1
144
81
49
72
64
17
66
9
100
36
4
-8
-2
49
18
-1
12
1
-18
9
80
36
4
25
64
81
9
49
25
4
-1
15
4
16
25
17
4
36
27
36
0
25
64
25
64
144
25
100
17
64
1
73
81
16
21
36
72
49
100
144
11
144
87
16
49
-25
6
36
0
81
86
36
4
36
81
72
144
100
74
100
32
75
100
49
96
95
54
4
27
-20
90
9
50
72
100
36
49
144
23
25
51
42
81
9
16
21
64
5
56
1
100
64
64
16
81
144
20
1
25
81
100
144
12
65
25
36
100
9
49
49
-50
36
13
25
25
81
32
9
47
16
144
24
64
96
64
40
62
4
9
-18
49
36
25
-32
49
17
112
46
25
61
16
49
22
54
20
34
9
81
36
81
20
49
144
26
100
36
25
18
100
22
43
100
-2
9
48
4
36
81
105
4
144
1
25
81
34
64
49
25
100
100
20
102
88
144
36
23
16
9
9
71
8
87
64
80
64
25
144
144
9
144
4
36
0
100
144
4
104
75
25
81
16
25
72
64
64
9
44
14
64
25
81
36
8
58
1
12
100
8
36
6
81
20
36
49
100
100
79
16
100
25
144
72
24
36
-25
64
52
50
4
36
35
24
100
90
24
-27
49
7
100
144
18
-20
32
64
112
144
36
25
43
87
62
144
36
107
94
147
9
16
27
15
16
-18
27
8
4
144
34
81
17
81
81
-2
80
49
31
6
9
100
42
8
100
45
4
41
64
4
40
4
9
25
-32
100
73
-16
112
64
36
32
69
9
100
-9
64
125
49
15
87
144
45
16
55
4
9
72
18
2
81
4
100
24
64
64
100
64
1
49
9
12
81
64
49
73
9
-4
12
-50
36
10
49
3
56
64
36
40
95
8
80
36
19
28
32
54
81
36
9
57
128
20
98
40
1
144
8
100
9
50
82
16
25
25
48
81
64
4

