18
4
9
-25
-7
7
2
15
-1
20
-4
60
3
-9
39
-17
41
-12
9
-6
7
-11
26
-28
21
6
-9
-6
4
-14
6
-4
2
-35
11
-9
13
12
-26
10
5
14
-20
4
18
-48
-6
-5
-1
0
16
-19
2
-15
9
-29
-9
-22
27
2
18
52
-28
17
-32
-34
12
8
-3
12
8
-36
7
15
-30
29
51
39
-36
0
8
16
23
-18
20
6
-19
6
10
43
-11
-26
-32
-5
-48
14
14
3
7
28
7
16
-15
-21
35
0
-20
6
-6
15
20
17
19
-23
-8
19
-38
-44
14
-24
-15
19
-28
-32
29
20
-50
37
-22
33
1
-3
19
18
-20
3
-48
-57
0
21
-12
-32
-48
-6
-33
30
-2
25
-4
-2
7
70
-38
44
-26
-32
-22
-8
6
-12
3
42
9
19
-15
-36
-16
-12
22
5
8
-48
-24
-28
22
-42
-6
50
-12
0
73
-9
-1
54
0
7
-17
1
-38
12
6
-24
-22
-25
-23
11
24
6
27
-39
20
-8
14
38
34
-46
19
60
31
34
46
-16
-42
14
-17
18
17
24
22
-26
-18
20
-13
53
15
-8
-40
-14
-20
-42
9
-35
-25
30
-17
8
-26
46
69
46
-30
-34
3
-14
-69
5
-39
30
-14
0
-2
-15
-45
-32
13
33
-38
-34
20
-18
27
-18
-31
16
30
11
8
2
-2
14
-62
4
6
-14
-5
33
-18
3
-15
11
-3
7
-16
-9
-27
6
26
4
20
36
-2
-1
0
-15
3
-22
-14
15
-36
-30
-12
45
44
-5
-12
2
-16
-6
60
18
-18
40
-10
-33
-6
0
-21
0
8
-12
26
-2
7
-12
-21
-4
4
-24
12
-16
-26
15
-12
39
-42
-6
-32
2
-25
-55
-12
-30
-23
19
-9
18
-35
-4
45
65
-6
40
1
6
-24
-36
-10
1
-14
-16
21
-41
-27
56
-51
38
-19
-5
-10
30
-13
-28
-10
-10
0
8
13
20
-8
-19
16
-25
-8
27
-12
3
-13
-4
-13
9
-32
12
19
35
8
5
44
45
24
-34
-34
-39
25
-8
-1
-26
8
18
-28
-20
3
-18
-25
46
-5
-18
2
7
40
13
28
-10
22
7
31
-14
24
18
20
-25
21
26
10
-24
2
8
-10
-29
15
-18
-30
-9
4
3
0
24
-23
-22
-31
-16
18
-24
-45
4
-19
39
-7
-38
6
-5
4
-25
27
10
26
14
-7
23
49
40
12
-6
-17
48
18
54
35
17
27
-24
-53
-26
-9
28
38
-12
47
-34
-14
2
3
1
3
-12
-15
-17
29
-36
24
15
40
42
0
12
13
36
0
-6
25
-18
42
12
-24
22
-17
13
-5
-3
19
18
-9
-5
-12
-10
-7
28
22
6
-25
62
18
-15
0
-56
21
-21
-16
27
-18
27
-10
-19
2
-30
-15
8
5
-10
-3
42
-31
20
-24
7
-18
-6
6
-18
-31
2
-6
38
-10
10
14
-11
19
20
-14
40
-21
6
-4
-14
-4
10
24
20
9
26
-7
1
-55
0
-45
7
3
-45
-7
8
10
-17
-9
17
21
30
-16
-6
-16
9
-2
28
14
-37
6
-27
14
-80
18
4
-1
23
36
-34
17
13
-34
32
12
-24
22
48
-12
3
-64
0
8
-30
22
-12
6
35
0
-14
21
25
-12
-2
-28
6
0
-6
-8
5
28
-57
10
6
5
7
-24
14
-9
-8
-26
-54
51
3
-20
-17
31
25
-18
3
-24
-6
-86
0
-10
-14
57
12
-29
24
-9
10
-3
30
-31
-4
-9
5
0
75
47
-7
-14
10
24
65
-8
-19
-2
25
18
10
24
60
-9
-13
19
2
22
8
-42
10
-18
11
-10
6
27
-2
-12
1
-20
36
-17
-32
31
18
-36
-10
-26
34
-15
-37
-12
-10
-4
-36
-4
37
40
-12
32
0
2
-2
0
12
-16
-4
-12
21
8
-8
-16
-20
8
-26
35
-12
18
-23
3
42
13
30
-30
18
8
6
-24
-8
-33
2
13
-42
39
9
-21
-44
2
-30
20
0
3
33
40
27
1
42
-7
22
-5
-2
-12
18
-31
3
20
-38
2
16
-13
-14
20
1
12
-11
-13
-64
20
32
-25
-21
-42
35
-27
14
-24
17
-15
28
0
0
-11
-55
2
-17
-43
-24
40
10
-30
42
-5
26
-6
-16
10
-15
-9
63
40
-6
0
25
8
60
0
8
30
-6
6
40
15
-3
-44
29
-2
-13
-18
-48
-1
-26
-13
-36
-29
-1
20
20
-13
-38
9
-5
12
-26
19
-23
19
-6
3
31
-14
9
12
8
19
40
36
-38
-13
15
9
25
26
11
1
-12
0
-14
27
-8
5
14
-12
-6
49
26
3
54
-8
-26
-18
-7
18
-1
34
13
4
-35
-16
12
13
-29
-39
6
-10
-10
22
23
36
-52
-6
-6
-28
6
3
1
20
3
-18
25
-3
-13
-24
-36
-72
22
-10
-4
18
-11
-22
9
6
-27
-4
-8
12
-20
24
-4
5
30
-25
14
13
-10
-5
-10
-13
10
3
44
20
21
-6
-24
15
36
33
6
-34
-25
-30
-20
8
32
24
-26
-38
24
-10
-50
-22
25
-13
19
-11
8
13
0
-25
-8
-15
-27
14
6

