22
12
16
12
13
11
10
12
22
19
6
11
9
17
28
10
11
22
11
12
7
19
9
9
8
9
3
10
27
25
2
9
10
16
18
15
14
17
14
5
9
13
13
9
11
7
19
13
9
5
19
11
24
31
9
1
16
24
2
18
16
19
2
10
22
13
18
12
6
11
8
22
9
15
12
30
8
21
22
5
1
6
18
28
13
22
11
10
16
18
24
8
25
4
16
12
9
16
1
14
13
14
18
3
23
18
30
20
26
9
10
19
24
25
12
10
15
18
17
12
21
13
6
22
2
2
16
5
12
26
21
19
11
30
23
12
4
10
5
14
7
12
8
19
9
20
11
16
8
11
13
8
11
13
8
1
18
17
13
13
11
5
4
26
4
6
8
13
26
19
15
16
3
18
10
18
4
3
10
14
18
12
8
2
7
9
1
4
15
1
14
7
12
25
12
6
10
27
8
18
