10
14
10
15
12
1
5
4
20
9
2
17
12
2
9
17
24
13
1
14
15
23
10
8
7
10
12
14
16
28
19
9
3
14
12
17
16
11
11
11
12
27
8
18
14
12
3
15
23
28
12
10
10
10
1
30
16
3
12
17
18
31
22
8
23
18
21
10
9
13
11
25
12
18
12
12
8
23
15
11
12
9
1
21
13
11
13
27
8
12
22
10
18
9
10
4
23
22
11
1
11
25
5
27
26
17
12
8
11
10
17
19
12
9
5
25
10
20
1
13
13
18
20
14
22
15
9
21
9
15
1
2
1
10
8
10
4
13
15
9
28
18
2
25
7
20
18
22
12
23
13
13
21
8
26
22
11
1
4
7
12
16
7
2
26
13
15
17
20
10
16
25
21
14
8
8
24
31
1
3
4
11
16
12
1
12
3
7
16
19
11
11
13
10
9
1
19
17
13
15
5
1
12
6
18
15
24
19
12
16
18
23
22
12
4
14
30
8
17
21
13
17
9
4
5
5
22
6
9
10
4
27
7
20
12
21
21
27
11
19
12
9
5
7
5
12
19
2
23
14
13
4
24
14
21
27
9
5
12
3
15
11
1
7
15
9
20
11
8
13
4
1
12
12
18
5
25
7
3
5
5
17
7
17
22
10
18
12
6
2
4
3
14
20
19
13
17
14
11
14
13
10
16
11
15
9
19
14
5
9
16
3
8
12
2
11
1
13
11
10
10
13
5
19
9
27
17
13
20
27
23
10
2
27
9
15
11
2
19
23
10
4
1
7
30
1
19
8
15
8
31
2
1
18
24
7
12
1
1
6
12
27
14
24
9
19
9
15
23
17
3
18
13
13
10
17
7
18
27
28
18
6
25
4
6
5
9
16
10
11
10
12
2
26
21
22
1
12
9
19
7
12
6
19
1
16
19
17
8
22
11
15
12
21
15
4
20
1
4
8
8
8
10
6
27
3
27
12
12
11
15
13
12
17
1
5
16
15
12
2
6
12
8
21
24
9
17
19
6
6
16
6
14
11
6
7
4
21
12
15
18
16
3
10
26
15
23
11
25
4
11
15
13
13
19
25
6
23
33
12
21
7
19
15
16
25
15
9
12
6
10
1
17
5
5
19
2
13
26
22
