33
77
86
23
107
38
42
18
66
36
38
78
60
48
52
87
34
15
79
37
86
62
58
83
50
41
60
32
35
22
103
65
41
51
92
43
34
52
26
51
61
51
62
31
95
54
28
25
64
57
42
39
31
31
93
22
62
11
86
34
73
36
32
51
49
13
17
87
25
57
51
16
26
26
27
31
48
92
76
47
38
42
63
47
41
92
96
59
46
60
34
51
44
58
41
41
37
57
37
34
51
21
23
34
68
50
66
29
28
44
57
38
87
103
42
95
15
102
40
43
10
50
61
52
23
48
27
36
37
36
24
76
78
74
22
63
46
44
43
96
35
36
55
73
71
13
46
55
56
17
68
29
44
35
71
13
76
24
34
23
78
64
22
38
60
68
41
23
48
103
90
62
54
58
33
67
29
30
57
69
29
59
29
34
41
25
18
19
62
76
24
35
68
66
75
32
38
76
75
52
28
40
49
61
44
50
34
34
41
50
76
33
111
60
78
23
50
93
114
27
47
62
44
48
33
39
47
26
66
23
78
26
66
26
90
94
78
14
21
43
56
50
39
14
84
20
51
58
51
28
51
16
61
90
57
25
48
53
22
89
30
19
65
22
22
48
33
20
61
22
42
69
71
14
63
39
48
17
62
15
43
38
19
38
37
39
51
36
23
26
27
36
53
38
44
71
58
66
64
34
71
39
33
21
48
29
52
21
43
47
35
44
51
46
29
19
66
17
67
38
53
57
66
66
26
26
41
69
35
68
23
38
54
39
35
39
61
38
57
87
38
63
23
23
57
41
46
51
75
13
32
37
42
60
44
46
47
40
39
84
75
66
43
73
50
62
78
52
42
26
23
31
76
46
69
62
34
41
29
57
48
51
83
43
47
82
18
36
62
30
47
82
33
67
73
60
60
12
61
36
29
11
40
47
21
32
44
18
59
36
78
47
53
87
89
36
41
34
19
41
86
71
57
67
25
40
18
46
59
30
26
68
111
51
78
25
26
17
54
78
71
87
38
42
52
32
74
26
96
65
92
32
38
36
52
61
48
34
42
20
58
53
76
32
37
58
41
62
42
47
51
23
20
54
46
66
93
45
74
87
92
14
42
66
27
67
47
17
67
17
59
25
33
49
32
44
34
71
75
62
69
14
32
68
69
53
44
38
41
39
24
42
30
26
13
57
34
57
73
25
50
41
68
47
62
50
86
32
20
71
30
68
17
51
33
51
56
58
60
60
14
25
20
15
27
48
71
81
14
36
89
18
48
44
67
67
44
12
41
62
38
47
58
20
52
66
66
48
11
21
56
46
23
24
36
65
32
43
37
41
101
93
46
44
59
80
14
55
47
29
78
16
38
58
68
53
64
50
32
64
60
42
50
71
19
55
39
28
51
79
52
110
14
39
62
32
32
31
29
28
52
67
34
28
37
60
59
25
48
103
81
28
68
46
34
37
37
22
82
47
22
43
46
37
49
56
22
70
45
35
26
29
107
37
65
32
46
47
29
78
83
69
19
75
51
50
46
35
13
92
74
35
67
56
53
79
82
27
48
58
47
20
92
55
20
21
75
15
63
34
60
94
31
15
51
20
28
69
45
38
57
102
78
78
83
58
40
53
75
33
87
74
52
57
64
31
58
50
38
76
39
62
14
58
77
28
84
78
52
41
62
56
38
32
38
43
60
34
69
51
66
62
56
62
75
39
77
58
29
21
80
50
73
44
31
75
78
66
38
10
58
78
32
34
31
61
36
48
34
31
38
60
51
53
17
59
67
87
46
28
43
51
89
50
44
83
31
71
59
46
25
62
75
25
58
32
92
35
21
42
58
49
67
69
71
16
58
29
37
48
34
33
92
14
67
75
50
47
28
54
57
50
29
49
27
37
66
50
47
83
30
34
62
79
11
26
23
38
16
37
102
46
62
53
13
48
59
62
41
68
81
78
34
34
38
23
28
33
59
39
64
15
29
34
11
57
25
78
29
46
51
77
66
87
29
84
67
54
30
76
41
78
47
30
82
84
52
51
43
50
23
61
47
69
43
58
34
26
21
38
43
57
39
14
22
59
59
50
31
110
59
100
93
51
57
44
43
24
58
12
87
64
76
66
42
14
58
74
17
31
64
62
34
26
21
51
66
87
47
114
31
103
34
114
50
64
53
22
80
34
27
86
68
57
64
31
30
14
51
78
66
43
23
53
70
36
62
38
50
34
32
27
12
17
53
34
51
48
41
52
30
14
74
24
89
39
54
26
58
21
20
64
69
15
11
52
41
38
51
37
